9,Acholeplasma_palmae-17.xml,Sent 9,Acholeplasma_palmae,"Does not hydrolyze arbutin, arginine, or urea.","Does not hydrolyze arbutin, arginine, or urea."2,Acidianus_manzaensis-14.xml,Sent 6,Acidianus_manzaensis,"The cells are nearly regular cocci, approximately 0.5Ð 0.8 lm in diameter.","The cells are nearly regular cocci, approximately 0.5Ð 0.8 lm in diameter."9,Acidianus_sulfidivorans-10.xml,Sent 6,Acidianus_sulfidivorans,Cells do not grow using elemental sulfur as a terminal electron acceptor for oxidation of H2.,Cells do not grow using elemental sulfur as a terminal electron acceptor for oxidation of H2.3,Acidianus_tengchongensis-8.xml,Sent 5,Acidianus_tengchongensis,"The optimal pH and temperature for growth are 2.5 (range 1.0Ð5.5) and 70 degree_celsius_4 (range 55 degree_celsius_4Ð80 degree_celsius_4), respectively.","The optimal pH and temperature for growth are 2.5 (range 1.0Ð5.5) and 70¡C (range 55¡CÐ80¡C), respectively."1,Acidilobus_sulfurreducens-21.xml,Sent 10,Acidilobus_sulfurreducens,Genomic DNA G+C content is 59.9 mol%.,Genomic DNA G+C content is 59.9 mol%.2,Acidiplasma_aeolicum-15.xml,Sent 2,Acidiplasma_aeolicum,Exhibits filamentous protrusions extending from the cell surface.,Exhibits filamentous protrusions extending from the cell surface.3,Aciduliprofundum_boonei-9.xml,Sent 3,Aciduliprofundum_boonei,Grows best at 70 degree_celsius_1 and pH 4.2Ð4.8.,Grows best at 70ûC and pH 4.2Ð4.8.9,Aeropyrum_pernix-6.xml,Sent 14,Aeropyrum_pernix,"Any single carbohydrate (ribose, arabinose, xylose, glucose, galactose, fructose, fucose, rhamnose, mannose, maltose, lactose, sucrose, cellobiose, melibiose, raffinose, cellulose, starch, sorbitol, mannitol, glycerol), organic acid (acetate), or amino acids tested did not suffice as a sole carbon and energy source.","Any single carbohydrate (ribose, arabinose, xylose, glucose, galactose, fructose, fucose, rhamnose, mannose, maltose, lactose, sucrose, cellobiose, melibiose, raffinose, cellulose, starch, sorbitol, mannitol, glycerol), organic acid (acetate), or amino acids tested did not suffice as a sole carbon and energy source."3,Anaeroplasma_abactoclasticum-7.xml,Sent 27,Anaeroplasma_abactoclasticum,The optimum temperature is between 30 and 47C.,The optimum temperature is between 30 and 47C.1,Anaeroplasma_intermedium-8.xml,Sent 8,Anaeroplasma_intermedium,The G+C content of strain 7LA is 32.5 mol% (Bd).,The G+C content of strain 7LA is 32.5 mol% (Bd).2,Aphanizomenon.ovalisporum-78.xml,Sent 13,Aphanizomenon.ovalisporum,"The spherical heterocysts, 3-5 _ m in diameter, were usually located in the middle of the trichome, but also occasionally at the tip.","The spherical heterocysts, 3-5 _ m in diameter, were usually located in the middle of the trichome, but also occasionally at the tip."2,Aphanizomenon.ovalisporum-78.xml,Sent 20,Aphanizomenon.ovalisporum,"In AKW with no added N, the trichomes developed only a single heterocyst and, rarely, one akinete.","In AKW with no added N, the trichomes developed only a single heterocyst and, rarely, one akinete."2,Aphanizomenon.ovalisporum-78.xml,Sent 11,Aphanizomenon.ovalisporum,"At the end of the bloom, older filaments developed terminal segments of elongated colorless cells.","At the end of the bloom, older filaments developed terminal segments of elongated colorless cells."2,Archaeoglobus_infectus-12.xml,Sent 1,Archaeoglobus_infectus,Cells are irregular cocci (0.5Ð1.0 µm in diameter) with single flagella and show blueÐgreen fluorescence at 436 nm.,Cells are irregular cocci (0.5Ð1.0 µm in diameter) with single flagella and show blueÐgreen fluorescence at 436 nm.1,Archaeoglobus_veneficus-11.xml,Sent 15,Archaeoglobus_veneficus,DNA base composition 45 mol% G+C.,DNA base composition 45 mol% G+C.1,Asteroleplasma_anaerobium-10.xml,Sent 6,Asteroleplasma_anaerobium,"Moreover, determination of the G + C ratio was considerably higher for strains 161 and 162 (40.2 and 40.3%, respectively) than for A. abactoclasticum (6-l), A. bactoclasticum (JR), A. varium (A-2), and A. intermedium (7LA), viz.","Moreover, determination of the G + C ratio was considerably higher for strains 161 and 162 (40.2 and 40.3%, respectively) than for A. abactoclasticum (6-l), A. bactoclasticum (JR), A. varium (A-2), and A. intermedium (7LA), viz."3,Caldivirga_maquilingensis-19.xml,Sent 4,Caldivirga_maquilingensis,"Growth occurs from 60 to 92  degree_celsius_1, and between pH 2.3 and 5.9 when buffered with 10 mM trisodium citrate.","Growth occurs from 60 to 92 ûC, and between pH 2.3 and 5.9 when buffered with 10 mM trisodium citrate."9,Desulfurococcus_fermentans-5.xml,Sent 9,Desulfurococcus_fermentans,"Elemental sulfur, sulfate, thiosulfate and nitrate do not stimulate growth and are not used as electron acceptors.","Elemental sulfur, sulfate, thiosulfate and nitrate do not stimulate growth and are not used as electron acceptors."1,Entomoplasma_lucivorax-2.xml,Sent 21,Entomoplasma_lucivorax,"The G+C content of the DNA is 27.4 +/- 1 mol%, as determined by the buoyant density method.","The G+C content of the DNA is 27.4 +/- 1 mol%, as determined by the buoyant density method."2,Entomoplasma_lucivorax-2.xml,Sent 7,Entomoplasma_lucivorax,"Cells are nonhelical, lack true cell walls, and are either pleomorphic coccoidal or subcoccoidal (diameter, 200 to 300 nm) or occur as short, branched or unbranched filaments.","Cells are nonhelical, lack true cell walls, and are either pleomorphic coccoidal or subcoccoidal (diameter, 200 to 300 nm) or occur as short, branched or unbranched filaments."1,Entomoplasma_melaleucae-4.xml,Sent 20,Entomoplasma_melaleucae,The base composition (G+C content) of the DNA is 27.0 +/- 1 mol% (buoyant density method).,The base composition (G+C content) of the DNA is 27.0 +/- 1 mol% (buoyant density method).8,Entomoplasma_somnilux-3.xml,Sent 17,Entomoplasma_somnilux,Pathogenicity for insects has not been determined.,Pathogenicity for insects has not been determined.3,Ferroplasma_acidarmanus-24.xml,Sent 5,Ferroplasma_acidarmanus,The optimal growth temperature was 42 degree_celsius_1 and the optimal pH was 1.2.,The optimal growth temperature was 42ûC and the optimal pH was 1.2.4,Ferroplasma_acidarmanus-24.xml,Sent 12,Ferroplasma_acidarmanus,Strongly inhibited by rifampin and tetracycline.,Strongly inhibited by rifampin and tetracycline.3,Fervidicoccus_fontis-74.xml,Sent 4,Fervidicoccus_fontis,Temperatures of 65Ð70  degree_celsius_1 and slightly acidic pH (5.5Ð6.0) are preferred for growth.,Temperatures of 65Ð70 ûC and slightly acidic pH (5.5Ð6.0) are preferred for growth.7,Haladaptatus_cibarius-35.xml,Sent 7,Haladaptatus_cibarius,"Positive for catalase, oxidase and indole formation.","Positive for catalase, oxidase and indole formation."3,Haladaptatus_litoreus-55.xml,Sent 4,Haladaptatus_litoreus,"Growth occurs at NaCl concentrations of 1.7Ð5.1 M, at Mg2+ concentrations of 0.05Ð0.7 M, at pH values in the range 6.0Ð8.5, and within the temperature range 25Ð55  degree_celsius_1.","Growth occurs at NaCl concentrations of 1.7Ð5.1 M, at Mg2+ concentrations of 0.05Ð0.7 M, at pH values in the range 6.0Ð8.5, and within the temperature range 25Ð55 ûC."5,Haladaptatus_litoreus-55.xml,Sent 2,Haladaptatus_litoreus,"Colonies on MR2A agar plates containing 3.4 M NaCl are pink, elevated and round.","Colonies on MR2A agar plates containing 3.4 M NaCl are pink, elevated and round."9,Haladaptatus_paucihalophilus-148.xml,Sent 10,Haladaptatus_paucihalophilus,Does not ferment arginine.,Does not ferment arginine.9,Haladaptatus_paucihalophilus-148.xml,Sent 12,Haladaptatus_paucihalophilus,"Utilizes glutamic acid, histidine, norleucine, phenylalanine, D-glucuronic acid, dextrin, aesculin, salicin, trehalose, sucrose, fructose, xylose, glucose, starch, galactose, acetate, lactate, malate, fumarate, citrate, pyruvate, mannitol and glycerol.","Utilizes glutamic acid, histidine, norleucine, phenylalanine, D-glucuronic acid, dextrin, aesculin, salicin, trehalose, sucrose, fructose, xylose, glucose, starch, galactose, acetate, lactate, malate, fumarate, citrate, pyruvate, mannitol and glycerol."5,Halalkalicoccus_tibetensis-87.xml,Sent 4,Halalkalicoccus_tibetensis,"Colonies are 1Ð2 mm in diameter, orange pigmented, smooth, circular and convex.","Colonies are 1Ð2 mm in diameter, orange pigmented, smooth, circular and convex."9,Halarchaeum_acidiphilum-71.xml,Sent 9,Halarchaeum_acidiphilum,Does not ferment arginine.,Does not ferment arginine.9,Haloarchaeobius_iranensis-85.xml,Sent 16,Haloarchaeobius_iranensis,"Does not grow under anaerobic conditions with nitrate, arginine or DMSO.","Does not grow under anaerobic conditions with nitrate, arginine or DMSO."7,Haloarcula_amylolytica-88.xml,Sent 10,Haloarcula_amylolytica,Indole formation is positive.,Indole formation is positive.1,Haloarcula_marismortui-45.xml,Sent 13,Haloarcula_marismortui,"The guanine-plus-cytosine content of the major DNA component is 62 mol%, and the guanine-plus-cytosine content of the minor component is 55 mol%.","The guanine-plus-cytosine content of the major DNA component is 62 mol%, and the guanine-plus-cytosine content of the minor component is 55 mol%."7,Haloarcula_quadrata-59.xml,Sent 14,Haloarcula_quadrata,"No hydrolysis of gelatin, casein, Tween 20 or Tween 80.","No hydrolysis of gelatin, casein, Tween 20 or Tween 80."9,Haloarcula_quadrata-59.xml,Sent 9,Haloarcula_quadrata,"Growth stimulation further observed by galactose, mannitol, sorbitol, glycerol, succinate and pyruvate.","Growth stimulation further observed by galactose, mannitol, sorbitol, glycerol, succinate and pyruvate."9,Haloarcula_quadrata-59.xml,Sent 12,Haloarcula_quadrata,No anaerobic growth in the presence of arginine.,No anaerobic growth in the presence of arginine.9,Haloarcula_tradensis-90.xml,Sent 12,Haloarcula_tradensis,"Utilizes cellobiose, glycerol, D-glucose, D-galactose, raffinose, D-sorbitol, glutamic acid, aspartic acid and lysine, but not trehalose as sole energy sources.","Utilizes cellobiose, glycerol, D-glucose, D-galactose, raffinose, D-sorbitol, glutamic acid, aspartic acid and lysine, but not trehalose as sole energy sources."2,Halobacterium_denitrificans-67.xml,Sent 2,Halobacterium_denitrificans,They are from 0.8 to 1.5 µm wide and 2.0 to 3.0 µm long.,They are from 0.8 to 1.5 µm wide and 2.0 to 3.0 µm long.3,Halobacterium_denitrificans-67.xml,Sent 6,Halobacterium_denitrificans,Cells lyse at NaCl concentrations less than 1.5 M.  Growth occurs between 1.5 M and at least 4.5 M NaCl.,Cells lyse at NaCl concentrations less than 1.5 M.  Growth occurs between 1.5 M and at least 4.5 M NaCl.4,Halobacterium_denitrificans-67.xml,Sent 19,Halobacterium_denitrificans,"Growth was inhibited by aphidicolin, bacitracin, chloramphenicol, erythromycin, and novobiocin.","Growth was inhibited by aphidicolin, bacitracin, chloramphenicol, erythromycin, and novobiocin."5,Halobacterium_piscisalsi-76.xml,Sent 3,Halobacterium_piscisalsi,"Colonies on plates of halophilic agar medium are red, smooth, circular and elevated.","Colonies on plates of halophilic agar medium are red, smooth, circular and elevated."7,Halobacterium_piscisalsi-76.xml,Sent 9,Halobacterium_piscisalsi,Catalase- and oxidase-positive.,Catalase- and oxidase-positive.2,Halobaculum_gomorrense-94.xml,Sent 1,Halobaculum_gomorrense,Rods are 5 to 10 by 0.5 to 1 µm.,Rods are 5 to 10 by 0.5 to 1 µm.7,Halobaculum_gomorrense-94.xml,Sent 13,Halobaculum_gomorrense,No indole is produced from tryptophan.,No indole is produced from tryptophan.9,Halobaculum_gomorrense-94.xml,Sent 5,Halobaculum_gomorrense,Yeast extract and Casamino Acids at low concentrations are good sources of organic nutrients.,Yeast extract and Casamino Acids at low concentrations are good sources of organic nutrients.7,Halobellus_clavatus-95.xml,Sent 10,Halobellus_clavatus,Indole formation is negative.,Indole formation is negative.3,Halobiforma_haloterrestris-52.xml,Sent 6,Halobiforma_haloterrestris,"The NaCl range for growth is 2.2 M to saturation, with an optimum of 3.4 M NaCl.","The NaCl range for growth is 2.2 M to saturation, with an optimum of 3.4 M NaCl."1,Halobiforma_lacisalsi-97.xml,Sent 21,Halobiforma_lacisalsi,The G+C content of the DNA is 64.9 mol% (Tm).,The G+C content of the DNA is 64.9 mol% (Tm).3,Halobiforma_lacisalsi-97.xml,Sent 4,Halobiforma_lacisalsi,"Growth requires at least 1.7 M NaCl, optimally 2.6Ð4.3 M NaCl.","Growth requires at least 1.7 M NaCl, optimally 2.6Ð4.3 M NaCl."3,Halobiforma_lacisalsi-97.xml,Sent 7,Halobiforma_lacisalsi,"The temperature range for growth is between 24 and 57  degree_celsius_1, with an optimum at 42Ð45  degree_celsius_1.","The temperature range for growth is between 24 and 57 ûC, with an optimum at 42Ð45 ûC."2,Halococcus_dombrowskii-98.xml,Sent 1,Halococcus_dombrowskii,"Cocci of 0.8-1.2 µm in diameter, occurring as single cells, diplococci or small clusters of 2-5 cells.","Cocci of 0.8-1.2 µm in diameter, occurring as single cells, diplococci or small clusters of 2-5 cells."1,Halococcus_hamelinensis-99.xml,Sent 14,Halococcus_hamelinensis,DNA G+C content is 60.0Ð60.5 mol% (Tm).,DNA G+C content is 60.0Ð60.5 mol% (Tm).7,Halococcus_salifodinae-101.xml,Sent 6,Halococcus_salifodinae,Oxidase and catalase positive.,Oxidase and catalase positive.9,Halococcus_salifodinae-101.xml,Sent 7,Halococcus_salifodinae,"Grows in minimal medium containing 0.1 % yeast extract and D-galactose, L-rhamnose, D-xylose, D-arabinose, D-glucose, D-fructose, D-trehalose, D-raffinose, or glycerol as carbon sources.","Grows in minimal medium containing 0.1 % yeast extract and D-galactose, L-rhamnose, D-xylose, D-arabinose, D-glucose, D-fructose, D-trehalose, D-raffinose, or glycerol as carbon sources."3,Haloferax_alexandrinus-54.xml,Sent 7,Haloferax_alexandrinus,Optimum growth occurs at 250 g NaCl per liter with a high requirement of MgSO4 (40 g per liter).,Optimum growth occurs at 250 g NaCl per liter with a high requirement of MgSO4 (40 g per liter).3,Haloferax_alexandrinus-54.xml,Sent 6,Haloferax_alexandrinus,"Extremely halophilic, growth occurring at NaCl concentrations between 100 g per liter and saturation.","Extremely halophilic, growth occurring at NaCl concentrations between 100 g per liter and saturation."7,Haloferax_alexandrinus-54.xml,Sent 20,Haloferax_alexandrinus,Tests for b-galactosidase and phosphatase are positive.,Tests for b-galactosidase and phosphatase are positive.2,Haloferax_elongans-68.xml,Sent 1,Haloferax_elongans,"Cells are pleomorphic, with irregular short rods and pleomorphic forms common during stationary phase and in suboptimal media.","Cells are pleomorphic, with irregular short rods and pleomorphic forms common during stationary phase and in suboptimal media."2,Haloferax_elongans-79.xml,Sent 2,Haloferax_elongans,"During exponential growth under optimum conditions, cells elongate to up to 12 µm long.","During exponential growth under optimum conditions, cells elongate to up to 12 µm long."5,Haloferax_elongans-79.xml,Sent 4,Haloferax_elongans,"Colonies on complex agar medium are small (1Ð2 mm diameter), red, entire, translucent and convex.","Colonies on complex agar medium are small (1Ð2 mm diameter), red, entire, translucent and convex."7,Haloferax_elongans-79.xml,Sent 17,Haloferax_elongans,"Gelatin, casein, starch and Tween 80 are hydrolysed.","Gelatin, casein, starch and Tween 80 are hydrolysed."3,Haloferax_larsenii-72.xml,Sent 9,Haloferax_larsenii,"The pH range for growth is 6.0Ð8.5, with an optimum at pH 6.5Ð7.0; the temperature range for growth is 25Ð55  degree_celsius_1, with an optimum at 42Ð45  degree_celsius_1.","The pH range for growth is 6.0Ð8.5, with an optimum at pH 6.5Ð7.0; the temperature range for growth is 25Ð55 ûC, with an optimum at 42Ð45 ûC."7,Haloferax_lucentensis-103.xml,Sent 16,Haloferax_lucentensis,Voges-Proskauer negative.,Voges-Proskauer negative.9,Haloferax_lucentensis-103.xml,Sent 21,Haloferax_lucentensis,"The following compounds are not used as sole carbon, nitrogen and energy sources: L-arginine, L-asparagine, betaine, creatine, glycine, L-histidine, L-lysine, L-ornithine, putrescine, sarcosine or L-threonine.","The following compounds are not used as sole carbon, nitrogen and energy sources: L-arginine, L-asparagine, betaine, creatine, glycine, L-histidine, L-lysine, L-ornithine, putrescine, sarcosine or L-threonine."2,Haloferax_mucosum-69.xml,Sent 2,Haloferax_mucosum,Gram-negative.,Gram-negative.9,Haloferax_mucosum-69.xml,Sent 17,Haloferax_mucosum,"The following substrates are used as carbon sources: glucose, glycerol, maltose, sucrose and trehalose.","The following substrates are used as carbon sources: glucose, glycerol, maltose, sucrose and trehalose."7,Haloferax_mucosum-80.xml,Sent 13,Haloferax_mucosum,Indole is produced from tryptophan.,Indole is produced from tryptophan.7,Haloferax_prahovense-104.xml,Sent 8,Haloferax_prahovense,Oxidase- and catalase-positive.,Oxidase- and catalase-positive.2,Haloferax_sulfurifontis-105.xml,Sent 3,Haloferax_sulfurifontis,Gram-negative.,Gram-negative.9,Halogeometricum_borinquense-150.xml,Sent 17,Halogeometricum_borinquense,"Glucose, mannose, fructose, xylose, maltose, trehalose, cellobiose, raffinose and glycerol are used as carbon sources.","Glucose, mannose, fructose, xylose, maltose, trehalose, cellobiose, raffinose and glycerol are used as carbon sources."3,Halogranum_rubrum-41.xml,Sent 6,Halogranum_rubrum,"Optimal NaCl concentration, Mg2+ concentration, pH and temperature for growth are 3.9 M, 0.3 M, 7.5 and 37  degree_celsius_1, respectively.","Optimal NaCl concentration, Mg2+ concentration, pH and temperature for growth are 3.9 M, 0.3 M, 7.5 and 37 ûC, respectively."9,Halolamina_pelagica-36.xml,Sent 12,Halolamina_pelagica,"The following substrates are utilized as single carbon, nitrogen or energy sources for growth: L-alanine, L-arginine, L-glutamate and L-ornithine.","The following substrates are utilized as single carbon, nitrogen or energy sources for growth: L-alanine, L-arginine, L-glutamate and L-ornithine."3,Halomarina_oriensis-60.xml,Sent 4,Halomarina_oriensis,"Growth occurs in 1.7Ð 5.0 M NaCl (optimum, 2.6 M), in 0.01Ð1.0 M Mg2+ (optimum, 0.2Ð0.5 M), at pH 7.0Ð9.0 (optimum, pH 7.0Ð 8.0) and at 20Ð42  degree_celsius_1 (optimum, 37  degree_celsius_1).","Growth occurs in 1.7Ð 5.0 M NaCl (optimum, 2.6 M), in 0.01Ð1.0 M Mg2+ (optimum, 0.2Ð0.5 M), at pH 7.0Ð9.0 (optimum, pH 7.0Ð 8.0) and at 20Ð42 ûC (optimum, 37 ûC)."4,Halomicrobium_katesii-107.xml,Sent 13,Halomicrobium_katesii,"Cells are resistant to penicillin G (10 U), chloramphenicol (30 µg), kanamycin (30 µg), ampicillin (10 µg), tetracycline (30 µg), erythromycin (15 µg), streptomycin (10 µg), polymyxin B (300 U), neomycin (30 µg), gentamicin (10 µg) and carbenicillin (50 µg), but susceptible to bacitracin (10 U) and novobiocin (30 µg).","Cells are resistant to penicillin G (10 U), chloramphenicol (30 µg), kanamycin (30 µg), ampicillin (10 µg), tetracycline (30 µg), erythromycin (15 µg), streptomycin (10 µg), polymyxin B (300 U), neomycin (30 µg), gentamicin (10 µg) and carbenicillin (50 µg), but susceptible to bacitracin (10 U) and novobiocin (30 µg)."4,Halomicrobium_mukohataei-73.xml,Sent 23,Halomicrobium_mukohataei,"Susceptible to anisomycin (10 µg per mL), novobiocin (5 µg per mL) and pravastatin (10 µg per mL).","Susceptible to anisomycin (10 µg per mL), novobiocin (5 µg per mL) and pravastatin (10 µg per mL)."2,Halonotius_pteroides-82.xml,Sent 3,Halonotius_pteroides,The ends of the rods are often rounded.,The ends of the rods are often rounded.7,Halonotius_pteroides-82.xml,Sent 16,Halonotius_pteroides,Negative for b-galactosidase activity and indole production.,Negative for b-galactosidase activity and indole production.9,Halopelagius_inordinatus-109.xml,Sent 15,Halopelagius_inordinatus,"L-Sorbose, D-ribose, D-xylose, starch, D-mannitol, citrate, glycine, L-arginine, L-aspartate and L-lysine are not utilized as carbon sources.","L-Sorbose, D-ribose, D-xylose, starch, D-mannitol, citrate, glycine, L-arginine, L-aspartate and L-lysine are not utilized as carbon sources."3,Halopiger_xanaduensis-46.xml,Sent 7,Halopiger_xanaduensis,Growth does not occur above 45  degree_celsius_1.,Growth does not occur above 45 ûC.7,Halopiger_xanaduensis-46.xml,Sent 9,Halopiger_xanaduensis,Catalase- and oxidase-positive.,Catalase- and oxidase-positive.2,Haloquadratum_walsbyi-151.xml,Sent 1,Haloquadratum_walsbyi,"Flat, square cells that usually contain gas vesicles and PHA storage granules.","Flat, square cells that usually contain gas vesicles and PHA storage granules."2,Haloquadratum_walsbyi-152.xml,Sent 4,Haloquadratum_walsbyi,Cells stain Gram-negative.,Cells stain Gram-negative.5,Halorhabdus_utahensis-113.xml,Sent 4,Halorhabdus_utahensis,Colonies are red and circular with an entire margin and a shiny surface.,Colonies are red and circular with an entire margin and a shiny surface.6,Halorhabdus_utahensis-113.xml,Sent 18,Halorhabdus_utahensis,Hydrogen sulfide is produced.,Hydrogen sulfide is produced.7,Halorhabdus_utahensis-113.xml,Sent 14,Halorhabdus_utahensis,Catalase- and oxidase-positive.,Catalase- and oxidase-positive.7,Halorhabdus_utahensis-113.xml,Sent 34,Halorhabdus_utahensis,Does not produce protease or urease.,Does not produce protease or urease.1,Halorubellus_salinus-114.xml,Sent 18,Halorubellus_salinus,The DNA G+C content of GX3T is 67.3 mol% (Tm).,The DNA G+C content of GX3T is 67.3 mol% (Tm).9,Halorubellus_salinus-114.xml,Sent 13,Halorubellus_salinus,"The following substrates are not utilized as single carbon, nitrogen or energy sources for growth: glycine, l-alanine, l-arginine, l-aspartate, l-glutamate and l-ornithine.","The following substrates are not utilized as single carbon, nitrogen or energy sources for growth: glycine, l-alanine, l-arginine, l-aspartate, l-glutamate and l-ornithine."9,Halorubrum_aidingense-50.xml,Sent 15,Halorubrum_aidingense,"No growth or acid production is observed on sorbose, xylose, lactose, D-ribose or sorbitol.","No growth or acid production is observed on sorbose, xylose, lactose, D-ribose or sorbitol."3,Halorubrum_aquaticum-116.xml,Sent 7,Halorubrum_aquaticum,Growth occurs at 25Ð50  degree_celsius_1 (optimum 35Ð40  degree_celsius_1) and pH 6.0Ð9.0 (optimum pH 7.5).,Growth occurs at 25Ð50 ûC (optimum 35Ð40 ûC) and pH 6.0Ð9.0 (optimum pH 7.5).9,Halorubrum_arcis-117.xml,Sent 17,Halorubrum_arcis,"The following substrates are utilized for growth: glucose, maltose, glycerol and starch.","The following substrates are utilized for growth: glucose, maltose, glycerol and starch."5,Halorubrum_cibi-119.xml,Sent 2,Halorubrum_cibi,"The colonies are red-colored, circular with entire margin, convex and shiny with a diameter of 0.5-1.0 mm after incubating 5 days on complex agar medium at 37 degree_celsius_4.","The colonies are red-colored, circular with entire margin, convex and shiny with a diameter of 0.5-1.0 mm after incubating 5 days on complex agar medium at 37¡C."7,Halorubrum_ejinorense-63.xml,Sent 12,Halorubrum_ejinorense,Tween 80 and DNA are hydrolysed.,Tween 80 and DNA are hydrolysed.7,Halorubrum_ejinorense-63.xml,Sent 15,Halorubrum_ejinorense,"Arginine dihydrolase, lysine decarboxylase and ornithine decarboxylase are not produced.","Arginine dihydrolase, lysine decarboxylase and ornithine decarboxylase are not produced."7,Halorubrum_lacusprofundi-40.xml,Sent 3,Halorubrum_lacusprofundi,Oxidase and catalase positive.,Oxidase and catalase positive.4,Halorubrum_lipolyticum-49.xml,Sent 16,Halorubrum_lipolyticum,"Sensitive to rifampicin, bacitracin and novobiocin.","Sensitive to rifampicin, bacitracin and novobiocin."7,Halorubrum_litoreum-123.xml,Sent 10,Halorubrum_litoreum,Negative for indole formation.,Negative for indole formation.7,Halorubrum_litoreum-123.xml,Sent 6,Halorubrum_litoreum,Catalase- and oxidase-positive.,Catalase- and oxidase-positive.3,Halorubrum_luteum-124.xml,Sent 5,Halorubrum_luteum,"Optimal NaCl concentration, pH and temperature for growth are 4.0Ð 4.3 M, pH 9.5Ð10.0 and 33Ð37  degree_celsius_1.","Optimal NaCl concentration, pH and temperature for growth are 4.0Ð 4.3 M, pH 9.5Ð10.0 and 33Ð37 ûC."7,Halorubrum_luteum-124.xml,Sent 12,Halorubrum_luteum,Indole formation is positive.,Indole formation is positive.1,Halorubrum_saccharovorum-37.xml,Sent 15,Halorubrum_saccharovorum,The mol% G+C of the DNA is 71.2 (Bd).,The mol% G+C of the DNA is 71.2 (Bd).7,Halorubrum_saccharovorum-37.xml,Sent 5,Halorubrum_saccharovorum,Oxidase- and catalase- positive.,Oxidase- and catalase- positive.1,Halorubrum_sodomense-93.xml,Sent 22,Halorubrum_sodomense,"G+C content of the type strain, 68 mol% (as determined by buoyant density).","G+C content of the type strain, 68 mol% (as determined by buoyant density)."2,Halorubrum_sodomense-93.xml,Sent 2,Halorubrum_sodomense,Gram-negative.,Gram-negative.3,Halorubrum_sodomense-93.xml,Sent 10,Halorubrum_sodomense,"Optimal NaCl concentration range, 1.7 to 2.5 M at 35 degree_celsius_4; optimal MgCl2 concentration, 0.6 to 1.2 M (in the presence of 2 M NaCl).","Optimal NaCl concentration range, 1.7 to 2.5 M at 35¡C; optimal MgCl2 concentration, 0.6 to 1.2 M (in the presence of 2 M NaCl)."9,Halorubrum_terrestre-120.xml,Sent 17,Halorubrum_terrestre,"The following compounds are not used as sole carbon and energy sources: arabinose, cellobiose, aesculin, fructose, fucose, gluconolactone, glucose, glucosamine, inulin, mannose, melibiose, raffinose, rhamnose, ribose, sucrose, trehalose, xylose, adonitol, dulcitol, erythritol, ethanol, glycerol, mannitol, meso-inositol, propanol, sorbitol, a-aminovalerate, butyrate, caprylate, citrate, fumarate, glutamate, glycerate, 2-oxoglutarate, malate, malonate, oxalate, propionate, saccharate and tartrate.","The following compounds are not used as sole carbon and energy sources: arabinose, cellobiose, aesculin, fructose, fucose, gluconolactone, glucose, glucosamine, inulin, mannose, melibiose, raffinose, rhamnose, ribose, sucrose, trehalose, xylose, adonitol, dulcitol, erythritol, ethanol, glycerol, mannitol, meso-inositol, propanol, sorbitol, a-aminovalerate, butyrate, caprylate, citrate, fumarate, glutamate, glycerate, 2-oxoglutarate, malate, malonate, oxalate, propionate, saccharate and tartrate."1,Halorubrum_terrestre-126.xml,Sent 21,Halorubrum_terrestre,DNA G+C content is 64.2Ð64.9 mol% (Tm method).,DNA G+C content is 64.2Ð64.9 mol% (Tm method).2,Halorubrum_trapanicum-39.xml,Sent 16,Halorubrum_trapanicum,Gas vacuoles absent.,Gas vacuoles absent.7,Halorubrum_trapanicum-39.xml,Sent 7,Halorubrum_trapanicum,Indole-negative.,Indole-negative.9,Halorubrum_xinjiangense-51.xml,Sent 10,Halorubrum_xinjiangense,Amino acids are not required for growth.,Amino acids are not required for growth.3,Halosarcina_pallida-84.xml,Sent 11,Halosarcina_pallida,"Grows at 1.7Ð4.3 M NaCl, with optimal growth at 3.1 M NaCl.","Grows at 1.7Ð4.3 M NaCl, with optimal growth at 3.1 M NaCl."9,Halosarcina_pallida-84.xml,Sent 17,Halosarcina_pallida,Capable of using single carbon substrates.,Capable of using single carbon substrates.5,Haloterrigena_daqingensis-78.xml,Sent 5,Haloterrigena_daqingensis,"Colonies are 1Ð2 mm in diameter after 7 days of incubation on S-G medium at 37  degree_celsius_1, orange-pigmented, smooth, circular and convex.","Colonies are 1Ð2 mm in diameter after 7 days of incubation on S-G medium at 37 ûC, orange-pigmented, smooth, circular and convex."7,Haloterrigena_daqingensis-78.xml,Sent 12,Haloterrigena_daqingensis,Indole formation is negative.,Indole formation is negative.7,Haloterrigena_hispanica-129.xml,Sent 6,Haloterrigena_hispanica,Oxidase- and catalase-positive.,Oxidase- and catalase-positive.5,Haloterrigena_saccharevitans-130.xml,Sent 2,Haloterrigena_saccharevitans,"Colonies on complex agar medium are 0.5Ð1.0 mm in diameter, smooth, circular, elevated and light red.","Colonies on complex agar medium are 0.5Ð1.0 mm in diameter, smooth, circular, elevated and light red."7,Haloterrigena_salina-131.xml,Sent 14,Haloterrigena_salina,"Does not produce arginine dihydrolase, lysine decarboxylase or ornithine decarboxylase.","Does not produce arginine dihydrolase, lysine decarboxylase or ornithine decarboxylase."1,Haloterrigena_turkmenica-56.xml,Sent 8,Haloterrigena_turkmenica,G+ C content was 59.8 mol%.,G+ C content was 59.8 mol%.7,Halovenus_aranensis-133.xml,Sent 5,Halovenus_aranensis,Catalase- and oxidase-positive.,Catalase- and oxidase-positive.9,Halovenus_aranensis-133.xml,Sent 9,Halovenus_aranensis,"Utilizes D-glucose and D-galactose as carbon sources for growth but not lactose, L-glycine, L-proline or L-cysteine.","Utilizes D-glucose and D-galactose as carbon sources for growth but not lactose, L-glycine, L-proline or L-cysteine."9,Halovivax_asiaticus-134.xml,Sent 28,Halovivax_asiaticus,"No growth occurs on mannitol, D-arabinose, D-galactose, maltose, sucrose, glycerol, sorbitol, fructose, D-glucose, ribose, starch, succinate, malate or fumarate.","No growth occurs on mannitol, D-arabinose, D-galactose, maltose, sucrose, glycerol, sorbitol, fructose, D-glucose, ribose, starch, succinate, malate or fumarate."2,Ignicoccus_hospitalis-65.xml,Sent 1,Ignicoccus_hospitalis,"Slightly irregular cocci, about 1Ð6 µm in diameter, with extracellular flagella-like appendages which insert at one cell pole.","Slightly irregular cocci, about 1Ð6 µm in diameter, with extracellular flagella-like appendages which insert at one cell pole."2,Ignicoccus_hospitalis-65.xml,Sent 3,Ignicoccus_hospitalis,Occurring singly and in pairs.,Occurring singly and in pairs.2,Marsacia_ferruginose-80.xml,Sent 4,Marsacia_ferruginose,"The second morphotype had slightly elongated cylindrical cells with a length of 2.89 +/- 0.27 _m, width of 1.62 +/- 0.17 _m, and a length/width ratio of 1.78.","The second morphotype had slightly elongated cylindrical cells with a length of 2.89 +/- 0.27 _m, width of 1.62 +/- 0.17 _m, and a length/width ratio of 1.78."2,Mesoplasma_chauliocola-11.xml,Sent 4,Mesoplasma_chauliocola,"Cells are primarily coccoid, ranging in diameter from 300 to 500 nm.","Cells are primarily coccoid, ranging in diameter from 300 to 500 nm."8,Mesoplasma_coleopterae-17.xml,Sent 16,Mesoplasma_coleopterae,Pathogenicity for plants and insects has not been determined.,Pathogenicity for plants and insects has not been determined.9,Mesoplasma_entomophilum-9.xml,Sent 16,Mesoplasma_entomophilum,"Cholesterol not required, although some strains require 0.4% Tween 80 fatty acid supplements for growth in serum free media.","Cholesterol not required, although some strains require 0.4% Tween 80 fatty acid supplements for growth in serum free media."9,Mesoplasma_entomophilum-9.xml,Sent 12,Mesoplasma_entomophilum,"Does not hydrolyze arginine, urea, or arbutin.","Does not hydrolyze arginine, urea, or arbutin."5,Mesoplasma_florum-7.xml,Sent 3,Mesoplasma_florum,Colonies on agar are umbonate.,Colonies on agar are umbonate.3,Mesoplasma_lactucae-10.xml,Sent 12,Mesoplasma_lactucae,The temperature range for growth is 18 to 37 degree_celsius_4; optimum growth occurs at 30 degree_celsius_4.,The temperature range for growth is 18 to 37¡C; optimum growth occurs at 30¡C.5,Mesoplasma_lactucae-10.xml,Sent 5,Mesoplasma_lactucae,Colonies on solid medium containing 0.8% Noble agar usually have the appearance of fried eggs.,Colonies on solid medium containing 0.8% Noble agar usually have the appearance of fried eggs.8,Mesoplasma_syrphidae-14.xml,Sent 16,Mesoplasma_syrphidae,Pathogenicity for plants and insects has not been determined.,Pathogenicity for plants and insects has not been determined.2,Mesoplasma_tabanidae-16.xml,Sent 4,Mesoplasma_tabanidae,"Cells are primarily coccoid, ranging in diameter from 300 to 500 nm.","Cells are primarily coccoid, ranging in diameter from 300 to 500 nm."9,Metallosphaera_yellowstonensis-75.xml,Sent 14,Metallosphaera_yellowstonensis,"No growth was observed on pyrite, Fe(II) ferrihydrite, or Sû under anaerobic conditions when NO3 was present as a potential electron acceptor.","No growth was observed on pyrite, Fe(II) ferrihydrite, or Sû under anaerobic conditions when NO3 was present as a potential electron acceptor."9,Methanobacterium_aarhusense-1.xml,Sent 11,Methanobacterium_aarhusense,H2/CO2 is the only substrate that supports growth.,H2/CO2 is the only substrate that supports growth.2,Methanobacterium_arcticum-142.xml,Sent 2,Methanobacterium_arcticum,Often forms filaments and cyst-like coccoid cells.,Often forms filaments and cyst-like coccoid cells.3,Methanobacterium_beijingense-2.xml,Sent 10,Methanobacterium_beijingense,The pH value range for growth is 6.5Ð8.6 and the optimum pH is 7.2Ð7.7.,The pH value range for growth is 6.5Ð8.6 and the optimum pH is 7.2Ð7.7.3,Methanobacterium_congolense-3.xml,Sent 13,Methanobacterium_congolense,The optimum pH is 7.2; no growth occurs at pH 5.9 or 8.2.,The optimum pH is 7.2; no growth occurs at pH 5.9 or 8.2.1,Methanobacterium_ferruginis-5.xml,Sent 9,Methanobacterium_ferruginis,The DNA G+C content of the type strain is 37.6 mol%.,The DNA G+C content of the type strain is 37.6 mol%.1,Methanobacterium_flexile-150.xml,Sent 7,Methanobacterium_flexile,The DNA G+C content of the type strain is 36.4 mol% (Tm) and 37.3 mol% (HPLC).,The DNA G+C content of the type strain is 36.4 mol% (Tm) and 37.3 mol% (HPLC).9,Methanobacterium_kanagiense-6.xml,Sent 2,Methanobacterium_kanagiense,Hydrogen/carbon dioxide are the only substrates that support growth.,Hydrogen/carbon dioxide are the only substrates that support growth.6,Methanobacterium_lacus-139.xml,Sent 9,Methanobacterium_lacus,Produces methane.,Produces methane.9,Methanobacterium_movens-149.xml,Sent 3,Methanobacterium_movens,"Formate, acetate, methanol, ethanol, trimethylamine, isobutanol and 2-propanol are not used.","Formate, acetate, methanol, ethanol, trimethylamine, isobutanol and 2-propanol are not used."9,Methanobacterium_oryzae-7.xml,Sent 7,Methanobacterium_oryzae,Growth substrates include H2/CO2 and formate.,Growth substrates include H2/CO2 and formate.3,Methanobacterium_petrolearium-4.xml,Sent 6,Methanobacterium_petrolearium,"Grows at 20Ð40  degree_celsius_1 (optimum 35  degree_celsius_1), at pH 5.5Ð9.0 (optimum pH 6.5) and with 0Ð1.2 M NaCl (optimum 0Ð0.68 M NaCl).","Grows at 20Ð40 ûC (optimum 35 ûC), at pH 5.5Ð9.0 (optimum pH 6.5) and with 0Ð1.2 M NaCl (optimum 0Ð0.68 M NaCl)."9,Methanobacterium_thermoaggregans-8.xml,Sent 6,Methanobacterium_thermoaggregans,Yeast extract stimulates growth but is not required.,Yeast extract stimulates growth but is not required.3,Methanobacterium_thermoalcaliphilum-162.xml,Sent 7,Methanobacterium_thermoalcaliphilum,"pH relationship: Optimum, 7.5- 8.5; range: 6,5 - 10.0.","pH relationship: Optimum, 7.5- 8.5; range: 6,5 - 10.0."9,Methanobacterium_thermoalcaliphilum-162.xml,Sent 9,Methanobacterium_thermoalcaliphilum,"No growth occurred with methanol, formate, acetate or methylamines.","No growth occurred with methanol, formate, acetate or methylamines."9,Methanobrevibacter_acididurans-153.xml,Sent 5,Methanobrevibacter_acididurans,"Formate, acetate, methanol, trimethylamine, 2-propanol and 2-butanol are not utilized as growth and energy substrates.","Formate, acetate, methanol, trimethylamine, 2-propanol and 2-butanol are not utilized as growth and energy substrates."9,Methanobrevibacter_acididurans-153.xml,Sent 13,Methanobrevibacter_acididurans,Acetate and amino acids are required.,Acetate and amino acids are required.3,Methanobrevibacter_arboriphilicus-9.xml,Sent 13,Methanobrevibacter_arboriphilicus,Good growth was observed in basal media containing 0 to 0.1 M NaCl.,Good growth was observed in basal media containing 0 to 0.1 M NaCl.3,Methanobrevibacter_curvatus-11.xml,Sent 10,Methanobrevibacter_curvatus,"pH optimum 7.1 to 7.2 (range 6.5 to 8.5); temperature optimum 30 degree_celsius_1 (range,10 to 30 degree_celsius_1).","pH optimum 7.1 to 7.2 (range 6.5 to 8.5); temperature optimum 30ûC (range,10 to 30ûC)."9,Methanobrevibacter_curvatus-11.xml,Sent 9,Methanobrevibacter_curvatus,"Methanol, methanol plus H2, CO, acetate, ethanol, isopropanol, trimethylamine, dimethylamine, theobromine, theophylline, trimethoxybenzoate, lactate, pyruvate, glucose, and formate are not metabolized.","Methanol, methanol plus H2, CO, acetate, ethanol, isopropanol, trimethylamine, dimethylamine, theobromine, theophylline, trimethoxybenzoate, lactate, pyruvate, glucose, and formate are not metabolized."2,Methanobrevibacter_gottschalkii-134.xml,Sent 2,Methanobrevibacter_gottschalkii,Gram-positive reaction.,Gram-positive reaction.3,Methanobrevibacter_gottschalkii-134.xml,Sent 8,Methanobrevibacter_gottschalkii,Optimum pH 7.,Optimum pH 7.2,Methanobrevibacter_millerae-146.xml,Sent 1,Methanobrevibacter_millerae,Cells occur singly or in pairs or chains and are coccobacilli (0.5Ð1.2 µm) with rounded ends.,Cells occur singly or in pairs or chains and are coccobacilli (0.5Ð1.2 µm) with rounded ends.3,Methanobrevibacter_smithii-108.xml,Sent 15,Methanobrevibacter_smithii,Optimal temperature 37-40 degree_celsius_1.,Optimal temperature 37-40ûC.3,Methanobrevibacter_thaueri-135.xml,Sent 9,Methanobrevibacter_thaueri,Optimum pH 7.,Optimum pH 7.9,Methanobrevibacter_woesei-136.xml,Sent 14,Methanobrevibacter_woesei,Requires either acetate and/or one or more components of trypticase or yeast extract for growth.,Requires either acetate and/or one or more components of trypticase or yeast extract for growth.9,Methanobrevibacter_wolinii-137.xml,Sent 14,Methanobrevibacter_wolinii,Growth does not occur in medium 1 except when it is emended with coenzyme M and branched-chain fatty acids.,Growth does not occur in medium 1 except when it is emended with coenzyme M and branched-chain fatty acids.1,Methanocalculus_chunghsingensis-55.xml,Sent 11,Methanocalculus_chunghsingensis,DNA G+C content of cells is about 50.0 mol%.,DNA G+C content of cells is about 50.0 mol%.3,Methanocalculus_halotolerans-56.xml,Sent 5,Methanocalculus_halotolerans,The optimum pH is 7.6; growth occurs from pH 7.0 to 8.4.,The optimum pH is 7.6; growth occurs from pH 7.0 to 8.4.1,Methanocalculus_pumilus-129.xml,Sent 9,Methanocalculus_pumilus,The G+C content of the DNA is 51.9 mol% (as determined by HPLC).,The G+C content of the DNA is 51.9 mol% (as determined by HPLC).3,Methanocalculus_pumilus-129.xml,Sent 4,Methanocalculus_pumilus,"Growth occurs between 25 and 45  degree_celsius_4, with an optimum at 35  degree_celsius_4.","Growth occurs between 25 and 45 ¡C, with an optimum at 35 ¡C."9,Methanocaldococcus_jannaschii-57.xml,Sent 13,Methanocaldococcus_jannaschii,Selenium stimulates growth.,Selenium stimulates growth.2,Methanocaldococcus_villosus-14.xml,Sent 1,Methanocaldococcus_villosus,"Cells are regular to irregular cocci, 1Ð2 µm in diameter, occurring singly or in pairs.","Cells are regular to irregular cocci, 1Ð2 µm in diameter, occurring singly or in pairs."1,Methanococcoides_euhalobius-30.xml,Sent 11,Methanococcoides_euhalobius,The G +C content of the DNA is 43.0 mol%.,The G +C content of the DNA is 43.0 mol%.9,Methanococcoides_euhalobius-30.xml,Sent 10,Methanococcoides_euhalobius,"Yeast extract stimulates growth, but it is not essential for growth.","Yeast extract stimulates growth, but it is not essential for growth."7,Methanococcus_deltae-138.xml,Sent 8,Methanococcus_deltae,Phenol red not reduced.,Phenol red not reduced.3,Methanococcus_frisius-157.xml,Sent 3,Methanococcus_frisius,"Methanosarcina frisia grows in temperature range from 22 to 42 degree_celsius_1, with optimum growth at 36 degree_celsius_4.","Methanosarcina frisia grows in temperature range from 22 to 42ûC, with optimum growth at 36¡C."3,Methanococcus_frisius-157.xml,Sent 4,Methanococcus_frisius,The pH optimum is between 6.5 and 7.2.,The pH optimum is between 6.5 and 7.2.2,Methanococcus_maripaludis-125.xml,Sent 19,Methanococcus_maripaludis,"In growing cultures, cells are slightly irregular and uniform in size, between 0.9 and 1.3 µm in diameter.","In growing cultures, cells are slightly irregular and uniform in size, between 0.9 and 1.3 µm in diameter."3,Methanococcus_maripaludis-125.xml,Sent 15,Methanococcus_maripaludis,"It is a mesophile, with a temperature optima of about 35-40 degree_celsius_1.","It is a mesophile, with a temperature optima of about 35-40ûC."9,Methanococcus_maripaludis-125.xml,Sent 20,Methanococcus_maripaludis,All strains grow rapidly on H2+CO2 or formate in pressurized culture tubes.,All strains grow rapidly on H2+CO2 or formate in pressurized culture tubes.9,Methanococcus_maripaludis-125.xml,Sent 7,Methanococcus_maripaludis,"Nitrogen sources include ammonium, N2 gas and alanine.","Nitrogen sources include ammonium, N2 gas and alanine."9,Methanococcus_maripaludis-125.xml,Sent 6,Methanococcus_maripaludis,Amino acids and acetate are frequently stimulatory for growth.,Amino acids and acetate are frequently stimulatory for growth.3,Methanococcus_maripaludis-126.xml,Sent 15,Methanococcus_maripaludis,"It is a mesophile, with a temperature optima of about 35-40 degree_celsius_1.","It is a mesophile, with a temperature optima of about 35-40ûC."9,Methanococcus_maripaludis-126.xml,Sent 6,Methanococcus_maripaludis,Amino acids and acetate are frequently stimulatory for growth.,Amino acids and acetate are frequently stimulatory for growth.9,Methanococcus_maripaludis-126.xml,Sent 9,Methanococcus_maripaludis,Sulfur sources include sulfide and elemental sulfur.,Sulfur sources include sulfide and elemental sulfur.2,Methanococcus_vannielii-110.xml,Sent 11,Methanococcus_vannielii,Cell diameter is 1.3 µm.,Cell diameter is 1.3 µm.9,Methanococcus_vannielii-110.xml,Sent 12,Methanococcus_vannielii,Cannot grow with N2 serving as the sole nitrogen source.,Cannot grow with N2 serving as the sole nitrogen source.3,Methanocorpusculum_bavaricum-20.xml,Sent 9,Methanocorpusculum_bavaricum,"Optimal growth temperature 37  degree_celsius_1, no growth at or below 15 degree_celsius_1 and at or above 45 degree_celsius_1.","Optimal growth temperature 37 ûC, no growth at or below 15ûC and at or above 45ûC."2,Methanocorpusculum_parvum-163.xml,Sent 3,Methanocorpusculum_parvum,Gram negative.,Gram negative.2,Methanoculleus_chikugoensis-21.xml,Sent 1,Methanoculleus_chikugoensis,"Cells are irregularly coccoid, 1.0-2.0 µm in diameter, with a proteinaceous cell wall, and flagellated.","Cells are irregularly coccoid, 1.0-2.0 µm in diameter, with a proteinaceous cell wall, and flagellated."9,Methanoculleus_chikugoensis-21.xml,Sent 4,Methanoculleus_chikugoensis,"Acetate, ethanol, methanol and methylamines are not utilized.","Acetate, ethanol, methanol and methylamines are not utilized."3,Methanoculleus_hydrogenitrophicus-165.xml,Sent 7,Methanoculleus_hydrogenitrophicus,Growth occurs at 18Ð45  degree_celsius_1 with optimum growth around 37  degree_celsius_1.,Growth occurs at 18Ð45 ûC with optimum growth around 37 ûC.2,Methanoculleus_marisnigri-73.xml,Sent 5,Methanoculleus_marisnigri,The cells were irregular cocci with peritrichous flagella.,The cells were irregular cocci with peritrichous flagella.3,Methanoculleus_marisnigri-73.xml,Sent 7,Methanoculleus_marisnigri,The optimal growth temperature was 20-25 degree_celsius_4 with growth observed between 15 and 45 degree_celsius_4.,The optimal growth temperature was 20-25¡C with growth observed between 15 and 45¡C.9,Methanoculleus_olentangyi-94.xml,Sent 11,Methanoculleus_olentangyi,"Formate, methanol, and methylamine not metabolized.","Formate, methanol, and methylamine not metabolized."9,Methanoculleus_olentangyi-94.xml,Sent 14,Methanoculleus_olentangyi,"Trypticase, yeast extract, vitamins not required.","Trypticase, yeast extract, vitamins not required."2,Methanofollis_aquaemaris-158.xml,Sent 1,Methanofollis_aquaemaris,"Irregularly coccoid cells, non-motile, 1.2-2 µm in diameter.","Irregularly coccoid cells, non-motile, 1.2-2 µm in diameter."3,Methanofollis_liminatans-25.xml,Sent 5,Methanofollis_liminatans,Cells are mesophilic (range 15 degree_celsius_1 to 45 degree_celsius_1) with an optimum at 40  degree_celsius_1.,Cells are mesophilic (range 15ûC to 45ûC) with an optimum at 40 ûC.3,Methanogenium_aggregans-151.xml,Sent 7,Methanogenium_aggregans,The optimal growth temperature is 35 degree_celsius_4.,The optimal growth temperature is 35¡C.3,Methanogenium_frigidum-79.xml,Sent 13,Methanogenium_frigidum,Fastest growth occurs at pH values between 7.5 and 7.9 (pH range for growth 6.3 to 8.0; no growth occurs at pH 6.0 or 8.5).,Fastest growth occurs at pH values between 7.5 and 7.9 (pH range for growth 6.3 to 8.0; no growth occurs at pH 6.0 or 8.5).2,Methanogenium_thermophilicum-28.xml,Sent 2,Methanogenium_thermophilicum,Electron micrographs reveal occasional internal membrane components.,Electron micrographs reveal occasional internal membrane components.5,Methanogenium_thermophilicum-28.xml,Sent 3,Methanogenium_thermophilicum,Colonies in agar tubes are beige and circular with entire edges.,Colonies in agar tubes are beige and circular with entire edges.9,Methanogenium_thermophilicum-28.xml,Sent 6,Methanogenium_thermophilicum,The organism requires Trypticase and a trace vitamin solution.,The organism requires Trypticase and a trace vitamin solution.9,Methanohalophilus_portucalensis-29.xml,Sent 6,Methanohalophilus_portucalensis,"Cells grow in medium containing minerals plus trimethylamine as the sole organic substrate, but some strains require p-aminobenzoate, biotin, or both.","Cells grow in medium containing minerals plus trimethylamine as the sole organic substrate, but some strains require p-aminobenzoate, biotin, or both."9,Methanohalophilus_zhilinae-164.xml,Sent 6,Methanohalophilus_zhilinae,"Yeast extract, Trypticase peptone, and rumen fluid are stimulatory but not required.","Yeast extract, Trypticase peptone, and rumen fluid are stimulatory but not required."9,Methanolobus_oregonensis-114.xml,Sent 5,Methanolobus_oregonensis,"Cells grow with catabolic substrate plus either vitamins or peptones as sole organic additions to the medium, but yeast extract stimulates growth.","Cells grow with catabolic substrate plus either vitamins or peptones as sole organic additions to the medium, but yeast extract stimulates growth."2,Methanolobus_psychrophilus-33.xml,Sent 1,Methanolobus_psychrophilus,"Cells are elliptical (0.9 to 1.0 width by 1.0 to 1.2 µm length), with one or two polar flagella, are wrapped by a capsule-like material, and frequently form loose aggregates.","Cells are elliptical (0.9 to 1.0 width by 1.0 to 1.2 µm length), with one or two polar flagella, are wrapped by a capsule-like material, and frequently form loose aggregates."1,Methanolobus_taylorii-92.xml,Sent 10,Methanolobus_taylorii,The guanine-plus-cytosine content of the DNA of the type strain is 40.8 mol% (as determined by a chromatographic analysis of bases).,The guanine-plus-cytosine content of the DNA of the type strain is 40.8 mol% (as determined by a chromatographic analysis of bases).3,Methanolobus_tindarius-115.xml,Sent 6,Methanolobus_tindarius,Able to grow between pH pH 6 and 8.,Able to grow between pH pH 6 and 8.9,Methanolobus_tindarius-115.xml,Sent 10,Methanolobus_tindarius,"Catabolic substrates are methanol, methylamines, and methanol.","Catabolic substrates are methanol, methylamines, and methanol."9,Methanolobus_vulcani-96.xml,Sent 3,Methanolobus_vulcani,"Grows on methanol or trimethylamine, but not on dimethyl sulfide, formate, acetate, or H2-CO2.","Grows on methanol or trimethylamine, but not on dimethyl sulfide, formate, acetate, or H2-CO2."9,Methanomicrobium_mobile-82.xml,Sent 3,Methanomicrobium_mobile,Yeast extract (1 g/liter) was required for the growth.,Yeast extract (1 g/liter) was required for the growth.9,Methanoplanus_endosymbiosus-37.xml,Sent 4,Methanoplanus_endosymbiosus,"Formate or hydrogen can serve as growth substrate, tungsten is required.","Formate or hydrogen can serve as growth substrate, tungsten is required."2,Methanoplanus_limicola-80.xml,Sent 2,Methanoplanus_limicola,"The cells are sometimes branched, without septa.","The cells are sometimes branched, without septa."3,Methanoplanus_limicola-80.xml,Sent 12,Methanoplanus_limicola,"Optimal salt concentration is 1% NaCl, optimal pH is 7.","Optimal salt concentration is 1% NaCl, optimal pH is 7."3,Methanoplanus_petrolearius-95.xml,Sent 6,Methanoplanus_petrolearius,The optimum pH is 7.0; growth occurs from pH 5.3 to 8.4.,The optimum pH is 7.0; growth occurs from pH 5.3 to 8.4.5,Methanopyrus_kandleri-84.xml,Sent 4,Methanopyrus_kandleri,Greenish colonies about 1 mm in diameter formed on Gelrite plates.,Greenish colonies about 1 mm in diameter formed on Gelrite plates.6,Methanopyrus_kandleri-84.xml,Sent 16,Methanopyrus_kandleri,Methane formed.,Methane formed.2,Methanosaeta_concilii-70.xml,Sent 3,Methanosaeta_concilii,Chains of cells grow as long filaments which aggregate into bundles.,Chains of cells grow as long filaments which aggregate into bundles.9,Methanosaeta_concilii-70.xml,Sent 15,Methanosaeta_concilii,"Cysteine hydrochloride, sodium sulfide, or glutathione serves as a sole sulfur source, and biotin, thiamine hydrochloride, and p-aminobenzoic acid stimulate growth.","Cysteine hydrochloride, sodium sulfide, or glutathione serves as a sole sulfur source, and biotin, thiamine hydrochloride, and p-aminobenzoic acid stimulate growth."9,Methanosaeta_concilii-70.xml,Sent 18,Methanosaeta_concilii,Organic growth factors are not required for culture maintenance in mineral-salts-vitamin medium Aa.,Organic growth factors are not required for culture maintenance in mineral-salts-vitamin medium Aa.2,Methanosaeta_harundinacea-81.xml,Sent 2,Methanosaeta_harundinacea,Gram-variable.,Gram-variable.9,Methanosaeta_thermophila-100.xml,Sent 15,Methanosaeta_thermophila,"Coenzyme M (mercaptoethane sulfonate), vitamins, manure extract, or sludge fluid stimulates growth.","Coenzyme M (mercaptoethane sulfonate), vitamins, manure extract, or sludge fluid stimulates growth."9,Methanosarcina_baltica-16.xml,Sent 5,Methanosarcina_baltica,"Dimethylsulfide, formate and H2/CO2 are not used as energy sources.","Dimethylsulfide, formate and H2/CO2 are not used as energy sources."1,Methanosarcina_barkeri-117.xml,Sent 14,Methanosarcina_barkeri,Mol % G+C ranges from 39-44.,Mol % G+C ranges from 39-44.9,Methanosarcina_lacustris-43.xml,Sent 6,Methanosarcina_lacustris,"Did not metabolize formate, 2-propanol/CO2, 2-butanol/CO2, methanethiol, or dimethyl sulfide.","Did not metabolize formate, 2-propanol/CO2, 2-butanol/CO2, methanethiol, or dimethyl sulfide."3,Methanosarcina_mazei-41.xml,Sent 8,Methanosarcina_mazei,"Temperature range 5-40 degree_celsius_1, with temperature optimum of 35 degree_celsius_1.","Temperature range 5-40ûC, with temperature optimum of 35ûC."9,Methanosarcina_mazei-41.xml,Sent 5,Methanosarcina_mazei,"Metabolized a wide variety of substrates including H2/CO2, methanol, monomethylamine, dimethylamine, trimethylamine, and acetate.","Metabolized a wide variety of substrates including H2/CO2, methanol, monomethylamine, dimethylamine, trimethylamine, and acetate."1,Methanosarcina_vacuolata-143.xml,Sent 20,Methanosarcina_vacuolata,Guanosine plus cytosine content of DNA is 36.3 mol%.,Guanosine plus cytosine content of DNA is 36.3 mol%.2,Methanosphaera_stadtmaniae-119.xml,Sent 1,Methanosphaera_stadtmaniae,"Round cells, usually occurring in pairs, tetrads and clusters, about 1.0 µm in diameter.","Round cells, usually occurring in pairs, tetrads and clusters, about 1.0 µm in diameter."3,Methanosphaerula_palustris-97.xml,Sent 4,Methanosphaerula_palustris,The temperature optimum is about 30  degree_celsius_1 with growth occurring at 14Ð35  degree_celsius_1.,The temperature optimum is about 30 ûC with growth occurring at 14Ð35 ûC.1,Methanospirillum_hungatei-141.xml,Sent 5,Methanospirillum_hungatei,The G+C content of the genomic DNA is 45Ð 49.5 mol%.,The G+C content of the genomic DNA is 45Ð 49.5 mol%.3,Methanospirillum_lacunae-140.xml,Sent 9,Methanospirillum_lacunae,"The pH range for growth is 6.0Ð9.5, with optimum growth at pH 7.5.","The pH range for growth is 6.0Ð9.5, with optimum growth at pH 7.5."2,Methanospirillurn_hungatii-66.xml,Sent 7,Methanospirillurn_hungatii,Endospores are absent.,Endospores are absent.9,Methanospirillurn_hungatii-66.xml,Sent 13,Methanospirillurn_hungatii,Nutrition: Best growth is obtained in a complex medium containing yeast extract and Trypticase.,Nutrition: Best growth is obtained in a complex medium containing yeast extract and Trypticase.3,Methanothermobacter_crinale-48.xml,Sent 5,Methanothermobacter_crinale,"Good growth occurs at a pH of 6.9 (range 6.6 to 8.9), a temperature of 65 degree_celsius_4 (range 45 to 85 degree_celsius_4), and an NaCl concentration of 0.025 g per liter (range 0.025 to 40 g per liter).","Good growth occurs at a pH of 6.9 (range 6.6 to 8.9), a temperature of 65¡C (range 45 to 85¡C), and an NaCl concentration of 0.025 g per liter (range 0.025 to 40 g per liter)."9,Methanothermobacter_marburgensis-133.xml,Sent 7,Methanothermobacter_marburgensis,Growth on formate is not possible.,Growth on formate is not possible.3,Methanothermobacter_marburgensis-69.xml,Sent 8,Methanothermobacter_marburgensis,The NaCl concentration range was 0.1 to 35 g per liter and the optimum NaCl concentration was 0.5 g per liter.,The NaCl concentration range was 0.1 to 35 g per liter and the optimum NaCl concentration was 0.5 g per liter.9,Methanothermobacter_tenebrarum-49.xml,Sent 5,Methanothermobacter_tenebrarum,Solely grows on H2 and CO2.,Solely grows on H2 and CO2.1,Methanothermobacter_thermautotrophicus-131.xml,Sent 8,Methanothermobacter_thermautotrophicus,The DNA G+C content is 48-50 mol% as determined by thermal denaturation.,The DNA G+C content is 48-50 mol% as determined by thermal denaturation.2,Methanothermobacter_wolfeii-132.xml,Sent 4,Methanothermobacter_wolfeii,Endospores not formed.,Endospores not formed.2,Methanothermobacter_wolfeii-132.xml,Sent 1,Methanothermobacter_wolfeii,"Cells are slender, cylindrical, sometimes crooked rods that are 0.35-0.5 µm wide and 2.5 µm long and occur singly or in pairs, or in longer chains.","Cells are slender, cylindrical, sometimes crooked rods that are 0.35-0.5 µm wide and 2.5 µm long and occur singly or in pairs, or in longer chains."3,Methanothermobacter_wolfeii-132.xml,Sent 12,Methanothermobacter_wolfeii,"Temperature range is 37-74 degree_celsius_1, optimum 55-65 degree_celsius_1.","Temperature range is 37-74ûC, optimum 55-65ûC."9,Methanothermococcus_okinawensis-61.xml,Sent 10,Methanothermococcus_okinawensis,Ammonium serves as a nitrogen source.,Ammonium serves as a nitrogen source.2,Methanothermococcus_thermolithotrophicus-122.xml,Sent 1,Methanothermococcus_thermolithotrophicus,"Regular to irregular cocci, about 1.5 µm in diameter, occurring singly or in pairs.","Regular to irregular cocci, about 1.5 µm in diameter, occurring singly or in pairs."3,Methanothermus_sociabilis-123.xml,Sent 3,Methanothermus_sociabilis,Optimum growth at 88 degree_celsius_1.,Optimum growth at 88ûC.3,Methanotorris_formicicus-64.xml,Sent 5,Methanotorris_formicicus,The temperature range for growth is 55Ð83  degree_celsius_1 (optimum of 75  degree_celsius_1).,The temperature range for growth is 55Ð83 ûC (optimum of 75 ûC).5,Mycoplasma_alligatoris-13.xml,Sent 6,Mycoplasma_alligatoris,Colonies on solid medium with 0.8% agar exhibit typical fried egg morphology at low magnification.,Colonies on solid medium with 0.8% agar exhibit typical fried egg morphology at low magnification.5,Mycoplasma_auris-6.xml,Sent 4,Mycoplasma_auris,Colonies on agar have the fried-egg appearance characteristic of most members of the Mollicutes.,Colonies on agar have the fried-egg appearance characteristic of most members of the Mollicutes.1,Mycoplasma_gallinaceum-17.xml,Sent 2,Mycoplasma_gallinaceum,G+C content of DNA: 28 mol%.,G+C content of DNA: 28 mol%.5,Mycoplasma_imitans-15.xml,Sent 6,Mycoplasma_imitans,Typical Òfried-eggÓ colonies are formed.,Typical Òfried-eggÓ colonies are formed.1,Mycoplasma_lipofaciens-22.xml,Sent 15,Mycoplasma_lipofaciens,The G+C content of the DNA is 24.5 mol%.,The G+C content of the DNA is 24.5 mol%.1,Mycoplasma_mycoides_subsp._capri-2.xml,Sent 13,Mycoplasma_mycoides_subsp._capri,"According to BergeyÕs Manual of Determinative Bacteriology (Holt, 1994), the DNA G+C content is 24.0Ð26.0 mol%; the partial genome sequence of strain GM12 shows a G+C content of 23.0 mol% (Lartigue et al., 2007).","According to BergeyÕs Manual of Determinative Bacteriology (Holt, 1994), the DNA G+C content is 24.0Ð26.0 mol%; the partial genome sequence of strain GM12 shows a G+C content of 23.0 mol% (Lartigue et al., 2007)."1,Mycoplasma_simbae-9.xml,Sent 17,Mycoplasma_simbae,The DNA base composition is 37 mol% G+C.,The DNA base composition is 37 mol% G+C.8,Mycoplasma_testudineum-32.xml,Sent 16,Mycoplasma_testudineum,Pathogenic for gopher tortoises (Gopherus polyphemus).,Pathogenic for gopher tortoises (Gopherus polyphemus).7,Mycoplasma_yeatsii-8.xml,Sent 6,Mycoplasma_yeatsii,"Arginine is hydrolyzed, and tetrazolium is reduced aerobically.","Arginine is hydrolyzed, and tetrazolium is reduced aerobically."9,Mycoplasma_yeatsii-8.xml,Sent 5,Mycoplasma_yeatsii,Sterol is required for growth.,Sterol is required for growth.4,Natrialba_aegyptiaca-61.xml,Sent 17,Natrialba_aegyptiaca,"Susceptible to fucidic acid, bactracin, nitrofurantoin, novobiocin, anisomycin, trimethoprim, and rifampicin.","Susceptible to fucidic acid, bactracin, nitrofurantoin, novobiocin, anisomycin, trimethoprim, and rifampicin."3,Natrinema_altunense-139.xml,Sent 4,Natrinema_altunense,"Growth requires at least 1.7 M NaCl, optimally 3.0Ð4.3 M NaCl.","Growth requires at least 1.7 M NaCl, optimally 3.0Ð4.3 M NaCl."5,Natrinema_altunense-139.xml,Sent 3,Natrinema_altunense,"Colonies are orange or red, smooth, circular and elevated.","Colonies are orange or red, smooth, circular and elevated."3,Natrinema_ejinorense-28.xml,Sent 6,Natrinema_ejinorense,"The pH and temperature ranges for growth are 6.0Ð8.5 (optimum at pH 7.0) and 25Ð50  degree_celsius_1 (optimum at 37  degree_celsius_1), respectively.","The pH and temperature ranges for growth are 6.0Ð8.5 (optimum at pH 7.0) and 25Ð50 ûC (optimum at 37 ûC), respectively."9,Natrinema_pallidum-58.xml,Sent 8,Natrinema_pallidum,"Carbon sources: Casamino acids, glucose, fructose, lactose but not ribose.","Carbon sources: Casamino acids, glucose, fructose, lactose but not ribose."1,Natrinema_salaciae-140.xml,Sent 18,Natrinema_salaciae,The DNA of strain MDB25T has a G+C content of 63.0 mol% (HPLC method).,The DNA of strain MDB25T has a G+C content of 63.0 mol% (HPLC method).7,Natrinema_salaciae-140.xml,Sent 11,Natrinema_salaciae,Oxidase and catalase positive.,Oxidase and catalase positive.9,Natrinema_salaciae-140.xml,Sent 14,Natrinema_salaciae,"Acetate, pyruvate, succinate, fumarate, glutamate, l-alanine, l-asparagine, l-lysine, proline, l-glutamine, l-arginine, l-serine, l-leucine, l-isoleucine, l-ornithine and threonine are assimilated.","Acetate, pyruvate, succinate, fumarate, glutamate, l-alanine, l-asparagine, l-lysine, proline, l-glutamine, l-arginine, l-serine, l-leucine, l-isoleucine, l-ornithine and threonine are assimilated."3,Natronobacterium_vacuolata-47.xml,Sent 7,Natronobacterium_vacuolata,"Requires 15 to 30% NaCl for growth; optimum, 20% (3.5 M NaCl).","Requires 15 to 30% NaCl for growth; optimum, 20% (3.5 M NaCl)."3,Natronolimnobius_baerhuensis-143.xml,Sent 5,Natronolimnobius_baerhuensis,"Grows between pH 7.0 and 10.0, with an optimum at pH 9, and between 30 and 46  degree_celsius_1, with an optimum at 37  degree_celsius_1.","Grows between pH 7.0 and 10.0, with an optimum at pH 9, and between 30 and 46 ûC, with an optimum at 37 ûC."9,Natronolimnobius_baerhuensis-143.xml,Sent 10,Natronolimnobius_baerhuensis,"Utilizes arabinose, fructose, galactose, glucose, glycerol, lactose, maltose, mannose, rhamnose, raffinose, xylose, acetate, fumarate, and pyruvate.","Utilizes arabinose, fructose, galactose, glucose, glycerol, lactose, maltose, mannose, rhamnose, raffinose, xylose, acetate, fumarate, and pyruvate."2,Natronolimnobius_innermongolicus-144.xml,Sent 2,Natronolimnobius_innermongolicus,"Cells were pleomorphic, including boards ( ca_dot 0.6 x 3-6 µm), disks, and cocci (0.5-1.5 µm).","Cells were pleomorphic, including boards (ca. 0.6 x 3-6 µm), disks, and cocci (0.5-1.5 µm)."7,Natronolimnobius_innermongolicus-144.xml,Sent 9,Natronolimnobius_innermongolicus,Produces indole.,Produces indole.2,Natronomonas_moolapensis-70.xml,Sent 1,Natronomonas_moolapensis,"Cells stain Gram-negative and have varying morphologies (short rods, flat tetragonal shapes or cocci) with dimensions ranging from 0.7 to 1.7 µm.","Cells stain Gram-negative and have varying morphologies (short rods, flat tetragonal shapes or cocci) with dimensions ranging from 0.7 to 1.7 µm."3,Natronomonas_moolapensis-70.xml,Sent 9,Natronomonas_moolapensis,Optimal growth occurs at around pH 7Ð7.5 and at 18Ð20% NaCl.,Optimal growth occurs at around pH 7Ð7.5 and at 18Ð20% NaCl.3,Natronorubrurn_tibetense-146.xml,Sent 3,Natronorubrurn_tibetense,Growth occurs in media containing 12-30% NaCl with an optimum at 20% NaCl.,Growth occurs in media containing 12-30% NaCl with an optimum at 20% NaCl.9,Palaeococcus_ferrophilus-165.xml,Sent 18,Palaeococcus_ferrophilus,Organic substrates that served to support heterotrophic growth were determined in the presence of ferrous iron or elemental sulfur as cofactors for growth.,Organic substrates that served to support heterotrophic growth were determined in the presence of ferrous iron or elemental sulfur as cofactors for growth.2,Picrophilus_oshimae-175.xml,Sent 12,Picrophilus_oshimae,No pili or flagellae are observed.,No pili or flagellae are observed.9,Picrophilus_oshimae-175.xml,Sent 4,Picrophilus_oshimae,Grows in the presence of 0.1 to 0.5% yeast extract and optimally in the presence of 0.2% yeast extract; a lag phase occurs in the presence of 0.5% yeast extract.,Grows in the presence of 0.1 to 0.5% yeast extract and optimally in the presence of 0.2% yeast extract; a lag phase occurs in the presence of 0.5% yeast extract.2,Picrophilus_torridus-176.xml,Sent 7,Picrophilus_torridus,The diameter of the cells is about 1 µm.,The diameter of the cells is about 1 µm.2,Pyrobaculum_organotrophum-178.xml,Sent 2,Pyrobaculum_organotrophum,"Terminal spheres (""golf-clubs"") appear during the exponential growth phase.","Terminal spheres (""golf-clubs"") appear during the exponential growth phase."3,Pyrococcus_abyssi-167.xml,Sent 5,Pyrococcus_abyssi,"Grows optimally at 0.2-0.3% NaC1, and pH around 7.0.","Grows optimally at 0.2-0.3% NaC1, and pH around 7.0."2,Pyrococcus_furiosus-172.xml,Sent 1,Pyrococcus_furiosus,"Slightly irregular cells, 0.8 -2.5 µm in width, monopolar polytrichous flagellated.","Slightly irregular cells, 0.8 -2.5 µm in width, monopolar polytrichous flagellated."9,Pyrococcus_glycovorans-182.xml,Sent 13,Pyrococcus_glycovorans,Yeast extract plus peptone and brain heart infusion supported rapid and efficient growth.,Yeast extract plus peptone and brain heart infusion supported rapid and efficient growth.9,Pyrococcus_yayanosii-180.xml,Sent 7,Pyrococcus_yayanosii,"CH1 is a chemoorganotrophic organism growing on complex carbon sources such as peptone, tryptone, yeast extract or beef extract.","CH1 is a chemoorganotrophic organism growing on complex carbon sources such as peptone, tryptone, yeast extract or beef extract."1,Pyrococcus_yayanosii-181.xml,Sent 13,Pyrococcus_yayanosii,The DNA G+C content of the type strain is 49 mol%.,The DNA G+C content of the type strain is 49 mol%.9,Pyrococcus_yayanosii-181.xml,Sent 14,Pyrococcus_yayanosii,"Able to utilize casein, cellobiose, sucrose, starch, chitin, pyruvate, glycerol, and acetate as carbon and energy sources.","Able to utilize casein, cellobiose, sucrose, starch, chitin, pyruvate, glycerol, and acetate as carbon and energy sources."9,Pyrococcus_yayanosii-181.xml,Sent 15,Pyrococcus_yayanosii,"Unable to utilize maltose, casamino acids and tryptophan as carbon and energy sources.","Unable to utilize maltose, casamino acids and tryptophan as carbon and energy sources."3,Pyrolobus_fumarii-186.xml,Sent 5,Pyrolobus_fumarii,Exponential cultures survive a 1-hour autoclaving at 121 degree_celsius_4.,Exponential cultures survive a 1-hour autoclaving at 121¡C.3,Rubidibacter_lacunae-3.xml,Sent 4,Rubidibacter_lacunae,"Growth occurs between 25-35 degree_celsius_4 with optimum growth at 30 degree_celsius_4, and in concentrations of sea salts between 2-7% (optimum at 5%).","Growth occurs between 25-35¡C with optimum growth at 30¡C, and in concentrations of sea salts between 2-7% (optimum at 5%)."7,Salarchaeum_japonicum-168.xml,Sent 7,Salarchaeum_japonicum,Catalase- and oxidase-positive.,Catalase- and oxidase-positive.9,Salarchaeum_japonicum-168.xml,Sent 14,Salarchaeum_japonicum,"Does not utilize arabinose, cellobiose, fructose, galactose, glucose, glycerol, inositol, lactose, maltose, mannitol, mannose, raffinose, ribitol, ribose, sodium acetate, sodium citrate, sodium pyruvate, sodium lactate, sorbitol, sucrose, trehalose, xylose, glycine, L-alanine, L-arginine chloride, L-lysine chloride, sodium L-aspartate or Bacto peptone.","Does not utilize arabinose, cellobiose, fructose, galactose, glucose, glycerol, inositol, lactose, maltose, mannitol, mannose, raffinose, ribitol, ribose, sodium acetate, sodium citrate, sodium pyruvate, sodium lactate, sorbitol, sucrose, trehalose, xylose, glycine, L-alanine, L-arginine chloride, L-lysine chloride, sodium L-aspartate or Bacto peptone."2,Spiroplasma_diminutum-11.xml,Sent 6,Spiroplasma_diminutum,Cells are short (1- to 2-um) helical filaments (diameter 100 to 200 nm) that appear to be rapidly moving irregularly spheroidal bodies when logarithmic phase broth cultures are examined under dark-field illumination.,Cells are short (1- to 2-um) helical filaments (diameter 100 to 200 nm) that appear to be rapidly moving irregularly spheroidal bodies when logarithmic phase broth cultures are examined under dark-field illumination.8,Spiroplasma_diminutum-11.xml,Sent 18,Spiroplasma_diminutum,Pathogenicity for insects has not been determined.,Pathogenicity for insects has not been determined.9,Spiroplasma_diminutum-11.xml,Sent 13,Spiroplasma_diminutum,Cholesterol or serum is required for growth.,Cholesterol or serum is required for growth.5,Spiroplasma_floricola-12.xml,Sent 8,Spiroplasma_floricola,Classical fried egg Mycoplasma-type colonies were not observed on 1% agar medium.,Classical fried egg Mycoplasma-type colonies were not observed on 1% agar medium.3,Spiroplasma_gladiatoris-14.xml,Sent 9,Spiroplasma_gladiatoris,The temperature range for growth is 15 to 37 degree_celsius_4.,The temperature range for growth is 15 to 37¡C.3,Spiroplasma_helicoides-15.xml,Sent 12,Spiroplasma_helicoides,"Optimum growth occurs at 32 degree_celsius_4, and the doubling time at 32 degree_celsius_4 is 3.0 h. Serologically distinct from other established Spiroplasma species and putative groups.","Optimum growth occurs at 32¡C, and the doubling time at 32¡C is 3.0 h. Serologically distinct from other established Spiroplasma species and putative groups."2,Spiroplasma_insolitum-16.xml,Sent 2,Spiroplasma_insolitum,"L. adj. insolitus, unusual or uncommon; insolitum to denote unusual base composition) cells in logarithmic phase are long, motile, helical filaments that lack true cell walls.","L. adj. insolitus, unusual or uncommon; insolitum to denote unusual base composition) cells in logarithmic phase are long, motile, helical filaments that lack true cell walls."9,Spiroplasma_insolitum-16.xml,Sent 10,Spiroplasma_insolitum,Sterol requirement met by serum.,Sterol requirement met by serum.1,Spiroplasma_ixodetis-17.xml,Sent 18,Spiroplasma_ixodetis,"The average G+C content of the DNA is 25.0 mol%, as determined by buoyant density, melting temperature, and HPLC techniques.","The average G+C content of the DNA is 25.0 mol%, as determined by buoyant density, melting temperature, and HPLC techniques."3,Spiroplasma_kunkelii-18.xml,Sent 18,Spiroplasma_kunkelii,"Temperature range, 20 to 32 degree_celsius_4; optimum temperature, 30 to 32 degree_celsius_4.","Temperature range, 20 to 32¡C; optimum temperature, 30 to 32¡C."9,Spiroplasma_lampyridicola-19.xml,Sent 8,Spiroplasma_lampyridicola,Cholesterol or serum is required for growth.,Cholesterol or serum is required for growth.5,Spiroplasma_leptinotarsae-20.xml,Sent 6,Spiroplasma_leptinotarsae,Colonies on solid media containing 2.0% Noble agar are slightly diffuse to discrete and produce numerous satellite colonies.,Colonies on solid media containing 2.0% Noble agar are slightly diffuse to discrete and produce numerous satellite colonies.1,Spiroplasma_Lineolae-22.xml,Sent 15,Spiroplasma_Lineolae,"The G+C content of the DNA is 25 +/- 1mol%, and the genome size is 1,390 kbp.","The G+C content of the DNA is 25 +/- 1mol%, and the genome size is 1,390 kbp."2,Spiroplasma_litorale-23.xml,Sent 5,Spiroplasma_litorale,"Cells are filamentous, helical, and motile, vary from 200 to 300 nm in diameter, and lack true cell walls.","Cells are filamentous, helical, and motile, vary from 200 to 300 nm in diameter, and lack true cell walls."1,Spiroplasma_melliferum-24.xml,Sent 25,Spiroplasma_melliferum,The G+C content of the DNA is 26 mol% as determined by the melting temperature method and 27 to 28 mol% as determined by the buoyant density method.,The G+C content of the DNA is 26 mol% as determined by the melting temperature method and 27 to 28 mol% as determined by the buoyant density method.5,Spiroplasma_melliferum-24.xml,Sent 8,Spiroplasma_melliferum,"Colonies on solid medium containing 2.25% Noble agar are smaller, but frequently have a fried egg morphology.","Colonies on solid medium containing 2.25% Noble agar are smaller, but frequently have a fried egg morphology."9,Spiroplasma_melliferum-24.xml,Sent 18,Spiroplasma_melliferum,Cholesterol required for growth.,Cholesterol required for growth.9,Spiroplasma_montanense-27.xml,Sent 8,Spiroplasma_montanense,Cholesterol or serum is not required for growth.,Cholesterol or serum is not required for growth.1,Spiroplasma_platyhelix-30.xml,Sent 16,Spiroplasma_platyhelix,"The G+C content of the DNA is 29 +/- 1 mol%, as determined by the buoyant density method.","The G+C content of the DNA is 29 +/- 1 mol%, as determined by the buoyant density method."5,Spiroplasma_turonicum-36.xml,Sent 5,Spiroplasma_turonicum,"Colonies on solid SP-4 medium containing 3 % Noble agar exhibit a 'cauliflower-like' appearance, never appearing as ' fried eggs '.","Colonies on solid SP-4 medium containing 3 % Noble agar exhibit a 'cauliflower-like' appearance, never appearing as ' fried eggs '."1,Spiroplasma_velocicrescens-37.xml,Sent 18,Spiroplasma_velocicrescens,The G+C content of the DNA is 27.5 +/- 1 mol%.,The G+C content of the DNA is 27.5 +/- 1 mol%.3,Spirulina_labyrinthiformis-90.xml,Sent 4,Spirulina_labyrinthiformis,"Natural populations of this organism showed an upper temperature limit of 51  degree_celsius_4 and maximum photosynthesis rates at 45  degree_celsius_4., contained phycocyanin, The carotenoid composition in the freshwater strain CCC Snake P. Y-85 and in the marine strains PCC 6313 and MPI S1 was found to be very similar.","Natural populations of this organism showed an upper temperature limit of 51 ¡C and maximum photosynthesis rates at 45 ¡C., contained phycocyanin, The carotenoid composition in the freshwater strain CCC Snake P. Y-85 and in the marine strains PCC 6313 and MPI S1 was found to be very similar."3,Staphylothermus_hellenicus-199.xml,Sent 3,Staphylothermus_hellenicus,Doubling time at 85  degree_celsius_4 is about 2.9 h.  pH range of growth is between 4.5 and 7.0 with an optimum around pH 6.,Doubling time at 85 ¡C is about 2.9 h.  pH range of growth is between 4.5 and 7.0 with an optimum around pH 6.9,Staphylothermus_hellenicus-199.xml,Sent 12,Staphylothermus_hellenicus,Poor growth was observed on peptone.,Poor growth was observed on peptone.9,Stygiolobus_azoricus-187.xml,Sent 19,Stygiolobus_azoricus,"Trace amounts of yeast extract, meat extract, tryptone, peptone or Casamino Acids raised the growth yield significantly.","Trace amounts of yeast extract, meat extract, tryptone, peptone or Casamino Acids raised the growth yield significantly."9,Sulfolobus_acidocaldarius-163.xml,Sent 12,Sulfolobus_acidocaldarius,Growth on sulfur was stimulated by adding CO2.,Growth on sulfur was stimulated by adding CO2.9,Sulfolobus_acidocaldarius-163.xml,Sent 11,Sulfolobus_acidocaldarius,Also grows on yeast extract.,Also grows on yeast extract.3,Sulfolobus_tengchongensis-191.xml,Sent 10,Sulfolobus_tengchongensis,"Cells grow at pH 1.7Ð6.5, and optimal growth occurs at pH 3.5.","Cells grow at pH 1.7Ð6.5, and optimal growth occurs at pH 3.5."1,Sulfolobus_yangmingensis-193.xml,Sent 4,Sulfolobus_yangmingensis,The G + C content of the genomic DNA is 42 mol%.,The G + C content of the genomic DNA is 42 mol%.9,Synechococcus.sp.WH7805-71.xml,Sent 3,Synechococcus.sp.WH7805,"Urea, ammonium and nitrate could each be utilized as the sole nitrogen source supporting growth  of Synechococcus WH7805.","Urea, ammonium and nitrate could each be utilized as the sole nitrogen source supporting growth  of Synechococcus WH7805."1,Thermococcus_aegaeicus-198.xml,Sent 11,Thermococcus_aegaeicus,DNA G+C content is 45 mol%.,DNA G+C content is 45 mol%.3,Thermococcus_aegaeicus-198.xml,Sent 5,Thermococcus_aegaeicus,"Optimal NaCl concentration is 2%, but growth is observed between 0.5 and 6.5%.","Optimal NaCl concentration is 2%, but growth is observed between 0.5 and 6.5%."2,Thermococcus_aggregans-216.xml,Sent 1,Thermococcus_aggregans,Coccoid archaeon with cell diameters of 1.0-1-5 µm.,Coccoid archaeon with cell diameters of 1.0-1-5 µm.3,Thermococcus_alcaliphilus-200.xml,Sent 4,Thermococcus_alcaliphilus,Range of growth from pH 6.5 to 10.5 with the optimum around pH 9.0; growth from 1 to 6% NaC1 with an optimum around 2-3%.,Range of growth from pH 6.5 to 10.5 with the optimum around pH 9.0; growth from 1 to 6% NaC1 with an optimum around 2-3%.3,Thermococcus_alcaliphilus-200.xml,Sent 3,Thermococcus_alcaliphilus,Temperature range for growth from 56 to 90 degree_celsius_1 optimum around 85 degree_celsius_1.,Temperature range for growth from 56 to 90ûC optimum around 85ûC.2,Thermococcus_barophilus-202.xml,Sent 1,Thermococcus_barophilus,Cells are regular to irregular cocci and variable in size (usually 0.8-2-0 µm).,Cells are regular to irregular cocci and variable in size (usually 0.8-2-0 µm).3,Thermococcus_barophilus-202.xml,Sent 9,Thermococcus_barophilus,Obligately barophilic between 95 and 100  degree_celsius_1 and requires 15.0-175 MPa to grow at these temperatures.,Obligately barophilic between 95 and 100 ûC and requires 15.0-175 MPa to grow at these temperatures.9,Thermococcus_barophilus-202.xml,Sent 19,Thermococcus_barophilus,"Optimal growth requirements were determined in the presence of Sû, although Sû was not required for growth and could be replaced by cystine.","Optimal growth requirements were determined in the presence of Sû, although Sû was not required for growth and could be replaced by cystine."3,Thermococcus_chitonophagus-204.xml,Sent 4,Thermococcus_chitonophagus,"Growth between 60 and 93 degree_celsius_1 (optimum: 75 degree_celsius_1 pH 3.5 and 9 (optimum: pH 6.7), and 0.8 to 8% NaCl (optimum: 2%).","Growth between 60 and 93ûC (optimum: 75ûC pH 3.5 and 9 (optimum: pH 6.7), and 0.8 to 8% NaCl (optimum: 2%)."3,Thermococcus_fumicolans-211.xml,Sent 5,Thermococcus_fumicolans,Grows optimally in the presence of 20 to 40 g of Sea Salt per liter and at a pH around 8.,Grows optimally in the presence of 20 to 40 g of Sea Salt per liter and at a pH around 8.3,Thermococcus_fumicolans-211.xml,Sent 4,Thermococcus_fumicolans,Growth occurs between pH 4.5 and 9.5 and 10-80 g per liter NaCl.,Growth occurs between pH 4.5 and 9.5 and 10-80 g per liter NaCl.9,Thermococcus_fumicolans-211.xml,Sent 18,Thermococcus_fumicolans,"Able to use sulfur, cystine, or polysulfide as electron acceptors.","Able to use sulfur, cystine, or polysulfide as electron acceptors."9,Thermococcus_fumicolans-211.xml,Sent 15,Thermococcus_fumicolans,"Able to grow on yeast extract, peptone, meat extract, malt extract, peptone, tryptone, brain heart infusion, casein, maltose, amino acids, and pyruvate.","Able to grow on yeast extract, peptone, meat extract, malt extract, peptone, tryptone, brain heart infusion, casein, maltose, amino acids, and pyruvate."3,Thermococcus_gammatolerans-212.xml,Sent 6,Thermococcus_gammatolerans,No growth at 0 g per liter NaCl.,No growth at 0 g per liter NaCl.2,Thermococcus_gorgonarius-213.xml,Sent 4,Thermococcus_gorgonarius,"Protrusions of different kinds: prostheca-like, chains of bubbles, fimbriae network.","Protrusions of different kinds: prostheca-like, chains of bubbles, fimbriae network."4,Thermococcus_hydrothermalis-217.xml,Sent 11,Thermococcus_hydrothermalis,"Resistant to vancomycin, penicillin, kanamycin, streptomycin, rifampin, and chloramphenicol.","Resistant to vancomycin, penicillin, kanamycin, streptomycin, rifampin, and chloramphenicol."9,Thermococcus_hydrothermalis-217.xml,Sent 8,Thermococcus_hydrothermalis,"Grows preferentially on yeast extract, peptone, meat extract, brain heart infusion, a mixture of amino acids, maltose, cellobiose, and pyruvate.","Grows preferentially on yeast extract, peptone, meat extract, brain heart infusion, a mixture of amino acids, maltose, cellobiose, and pyruvate."4,Thermococcus_kodakarensis-244.xml,Sent 10,Thermococcus_kodakarensis,"Sensitive to rifampin and insensitive to chloramphenicol, kanamycin, and penicillin.","Sensitive to rifampin and insensitive to chloramphenicol, kanamycin, and penicillin."1,Thermococcus_litoralis-218.xml,Sent 7,Thermococcus_litoralis,G + C content of DNA is about 38 mol%.,G + C content of DNA is about 38 mol%.3,Thermococcus_pacificus-214.xml,Sent 13,Thermococcus_pacificus,Requires NaCl for growth.,Requires NaCl for growth.3,Thermococcus_pacificus-214.xml,Sent 14,Thermococcus_pacificus,"Grows between 1.0-6.0% NaCl, optimal 2-3.5%.","Grows between 1.0-6.0% NaCl, optimal 2-3.5%."9,Thermococcus_pacificus-214.xml,Sent 6,Thermococcus_pacificus,"Grows on peptone, yeast extract, and starch.","Grows on peptone, yeast extract, and starch."9,Thermococcus_peptonophilus-222.xml,Sent 11,Thermococcus_peptonophilus,"No growth on free amino acids, sugars, organic acids, or in the absence of organic substrates.","No growth on free amino acids, sugars, organic acids, or in the absence of organic substrates."9,Thermococcus_radiotolerans-220.xml,Sent 6,Thermococcus_radiotolerans,Sulfur is necessary for growth.,Sulfur is necessary for growth.9,Thermococcus_thioreducens-227.xml,Sent 6,Thermococcus_thioreducens,"Thiosulfate, sulfite, sulfate, Fe(III) and nitrate cannot support growth as electron acceptors.","Thiosulfate, sulfite, sulfate, Fe(III) and nitrate cannot support growth as electron acceptors."9,Thermococcus_thioreducens-227.xml,Sent 3,Thermococcus_thioreducens,Obligately dependent upon elemental sulfur.,Obligately dependent upon elemental sulfur.9,Thermococcus_zilligii-229.xml,Sent 6,Thermococcus_zilligii,"Sulfur could not be replaced by sulfate, sulfite or thiosulfate when the cultures were continuously gassed with N2.","Sulfur could not be replaced by sulfate, sulfite or thiosulfate when the cultures were continuously gassed with N2."2,Thermogladius_shockii-230.xml,Sent 6,Thermogladius_shockii,"Cells are 0.6Ð1.2 µm in diameter with rigid, stalk-like protrusions on a subset (<2%) of the population.","Cells are 0.6Ð1.2 µm in diameter with rigid, stalk-like protrusions on a subset (<2%) of the population."3,Thermogymnomonas_acidicola-231.xml,Sent 14,Thermogymnomonas_acidicola,"Growth occurs at temperatures in the range 38Ð 68  degree_celsius_1 (optimum, 60  degree_celsius_1) and at pH 1.8Ð4.0 (optimum, pH 3.0).","Growth occurs at temperatures in the range 38Ð 68 ûC (optimum, 60 ûC) and at pH 1.8Ð4.0 (optimum, pH 3.0)."9,Thermogymnomonas_acidicola-231.xml,Sent 22,Thermogymnomonas_acidicola,Addition of FeSO4 was inhibitory to growth.,Addition of FeSO4 was inhibitory to growth.6,Thermoproteus_neutrophilus-253.xml,Sent 4,Thermoproteus_neutrophilus,Sulfide is produced.,Sulfide is produced.3,Thermoproteus_uzoniensis-232.xml,Sent 5,Thermoproteus_uzoniensis,Optimal growth at 90 degree_celsius_1 and pH 5.7.,Optimal growth at 90ûC and pH 5.7.6,Thermosphaera_aggregans-234.xml,Sent 14,Thermosphaera_aggregans,"CO2, H2, acetate and isovalerate formed as metabolic products.","CO2, H2, acetate and isovalerate formed as metabolic products."9,Thermosphaera_aggregans-234.xml,Sent 22,Thermosphaera_aggregans,"No growth on meat extract, bovine heart infusion peptone, amylose, glycogen, cellulose, cellobiose, maltose, raffinose, pyruvate, and acetate.","No growth on meat extract, bovine heart infusion peptone, amylose, glycogen, cellulose, cellobiose, maltose, raffinose, pyruvate, and acetate."2,Trichodesmium.erythraeum.IMS101-77.xml,Sent 6,Trichodesmium.erythraeum.IMS101,"synthesize the nitrogen- fixing enzyme nitrogenase in a specific cell type, the diazocyte, a strategy to protect the oxygen-sensitive nitrogenase enzyme complex","synthesize the nitrogen- fixing enzyme nitrogenase in a specific cell type, the diazocyte, a strategy to protect the oxygen-sensitive nitrogenase enzyme complex"4,Vulcanisaeta_distributa-255.xml,Sent 16,Vulcanisaeta_distributa,"Resistant to ampicillin, chloramphenicol, kanamycin, oleandomycin, streptomycin, and vancomycin.","Resistant to ampicillin, chloramphenicol, kanamycin, oleandomycin, streptomycin, and vancomycin."9,Vulcanisaeta_distributa-255.xml,Sent 11,Vulcanisaeta_distributa,"Able to grow using glucose, mannose, and citrate.","Able to grow using glucose, mannose, and citrate."9,Vulcanisaeta_distributa-255.xml,Sent 13,Vulcanisaeta_distributa,"In medium containing sulfide, unable to use cystine, ferric iron, oxidized glutathione, and sulfate as electron acceptors.","In medium containing sulfide, unable to use cystine, ferric iron, oxidized glutathione, and sulfate as electron acceptors."9,Vulcanisaeta_distributa-256.xml,Sent 20,Vulcanisaeta_distributa,"Unable to use fumarate, malate or nitrate as electron acceptors.","Unable to use fumarate, malate or nitrate as electron acceptors."9,Vulcanisaeta_distributa-256.xml,Sent 5,Vulcanisaeta_distributa,"Utilizes proteinaceous substances such as yeast extract, peptone, beef extract, Casamino acids and gelatin, as well as maltose, starch and malate as carbon sources.","Utilizes proteinaceous substances such as yeast extract, peptone, beef extract, Casamino acids and gelatin, as well as maltose, starch and malate as carbon sources."9,Vulcanisaeta_souniana-257.xml,Sent 12,Vulcanisaeta_souniana,"Unable to grow using galactose, glucose, mannose, or citrate.","Unable to grow using galactose, glucose, mannose, or citrate."9,Vulcanisaeta_souniana-257.xml,Sent 5,Vulcanisaeta_souniana,"Utilizes proteinaceous substances such as yeast extract, peptone, beef extract, Casamino acids and gelatin, as well as maltose, starch and malate as carbon sources.","Utilizes proteinaceous substances such as yeast extract, peptone, beef extract, Casamino acids and gelatin, as well as maltose, starch and malate as carbon sources."